3158937631047961
472629657411044
384285046597900
478120650195278
1972045376285939
413435150431237
287432309673124
950438255715878
860516804808115
461401114950900
413435150431237
199438808207046
10150259930625394
3158937631047961
304077147912602
297672891886361
299522448368072
298328171820833 
297576198562697
296436765343307
298255625161421
1638365453050170
306159304203256
307314720754381
307427080743145
4277465902305759
308610917291428
3077148409171860
4274934795892203
4207430972642586
4224546974264319
4271849396200743
4218172791568404
4248249118560771
4217008721684811
4206551889397161
4213151958737154
4287663781285971
4209174669134883
4292853147433701
4242660882452928
4269483456437337
4284429848276031
4282862188432797
